Layer 1, Head 1 normalized attention:
[[[[11.  1.  1. ...  1.  1.  1.]
   [16.  4.  1. ...  1.  1.  2.]
   [24.  8.  3. ...  1.  1.  1.]
   ...
   [ 0.  0.  0. ...  9.  8. 23.]
   [ 0.  0.  0. ...  8. 11. 30.]
   [ 0.  0.  0. ...  9.  9. 18.]]

  [[35.  3.  2. ...  0.  0.  0.]
   [46.  3.  2. ...  0.  0.  0.]
   [46.  1.  1. ...  0.  0.  0.]
   ...
   [ 2.  0.  0. ...  5.  7. 11.]
   [ 4.  0.  0. ...  4.  6. 13.]
   [ 3.  0.  0. ...  3.  4.  8.]]

  [[10.  2.  1. ...  1.  1.  2.]
   [21. 10.  1. ...  0.  0.  1.]
   [ 4. 25.  6. ...  0.  0.  0.]
   ...
   [ 0.  0.  0. ...  4. 14. 38.]
   [ 0.  0.  0. ...  8.  8. 71.]
   [ 0.  0.  0. ... 17. 34. 45.]]

  ...

  [[ 7.  0.  0. ...  0.  0.  0.]
   [35.  0.  0. ...  0.  0.  0.]
   [27.  0.  0. ...  0.  0.  0.]
   ...
   [20.  0.  0. ...  0.  0.  0.]
   [19.  0.  0. ...  0.  0.  0.]
   [19.  0.  0. ...  0.  0.  0.]]

  [[39.  1.  0. ...  0.  0.  0.]
   [16.  6. 13. ...  0.  0.  0.]
   [12.  0.  3. ...  0.  0.  0.]
   ...
   [16.  0.  0. ...  2.  4.  2.]
   [26.  0.  0. ...  1.  3.  4.]
   [41.  0.  0. ...  0.  0.  2.]]

  [[39.  0.  0. ...  0.  0.  0.]
   [53.  0.  0. ...  0.  0.  0.]
   [52.  0.  0. ...  0.  0.  0.]
   ...
   [54.  0.  0. ...  0.  0.  0.]
   [58.  0.  0. ...  0.  0.  0.]
   [64.  0.  0. ...  0.  0.  0.]]]]
