Layer 1, Head 1 normalized attention:
[[ 80.   6.   5.   2.   4.   2.   2.   2.   2.   2.   2.   1.   1.   1.
    2.   2.   1.   1.   1.   1.   1.   2.   1.   1.   2.   1.   1.   1.
    2.   1.   3.   3.   2.   6.]
 [100.  28.   5.   0.   1.   0.   1.   1.   1.   1.   1.   0.   0.   0.
    1.   0.   0.   0.   0.   0.   0.   0.   0.   0.   1.   0.   0.   0.
    0.   0.   1.   2.   1.   2.]
 [ 86.  38.  14.   1.   2.   0.   0.   0.   1.   1.   1.   0.   0.   0.
    1.   0.   0.   0.   0.   0.   0.   0.   0.   0.   0.   0.   0.   0.
    0.   0.   0.   1.   1.   1.]
 [ 26.   8.  13.  11.  19.   7.   5.   4.   3.   2.   2.   3.   3.   2.
    2.   2.   2.   1.   2.   2.   2.   2.   1.   1.   2.   1.   1.   1.
    2.   2.   3.   3.   4.   5.]
 [ 51.  33.  33.   5.  17.   3.   1.   0.   0.   0.   0.   0.   0.   0.
    0.   0.   0.   0.   0.   0.   0.   0.   0.   0.   0.   0.   0.   0.
    0.   0.   0.   1.   1.   1.]
 [ 15.  13.  20.   7.  38.  14.   5.   2.   2.   1.   1.   1.   1.   2.
    2.   2.   2.   1.   1.   3.   1.   1.   1.   1.   2.   1.   0.   1.
    1.   1.   2.   1.   1.   3.]
 [  8.   4.   7.   5.  20.  10.   8.   7.   7.   6.   2.   3.   3.   3.
    4.   4.   5.   2.   2.   4.   3.   4.   3.   2.   2.   1.   1.   2.
    2.   2.   3.   2.   3.   6.]
 [  5.   3.   4.   4.  12.  10.  10.  12.  10.  10.   3.   5.   5.   4.
    5.   4.   5.   2.   2.   4.   4.   5.   3.   2.   2.   2.   1.   2.
    2.   2.   2.   1.   2.   2.]
 [  6.   3.   5.   4.  16.  13.  10.   8.  11.   7.   3.   5.   5.   4.
    4.   4.   4.   2.   2.   4.   3.   3.   2.   2.   3.   2.   1.   2.
    1.   1.   3.   2.   2.   3.]
 [  8.   7.  10.   9.  18.  18.  19.  19.  16.   8.   2.   1.   1.   1.
    1.   2.   2.   1.   1.   1.   1.   2.   1.   1.   1.   0.   0.   0.
    0.   0.   0.   0.   1.   1.]
 [  8.   4.   6.   7.  13.   8.  11.  14.  10.  10.  10.   5.   5.   3.
    3.   3.   3.   2.   2.   4.   2.   3.   1.   2.   2.   1.   1.   1.
    1.   1.   1.   1.   2.   1.]
 [  3.   2.   2.   2.   5.   4.   4.   7.   8.   9.   6.  12.  16.  11.
    9.   4.   4.   1.   2.   8.   4.   4.   3.   3.   3.   2.   1.   2.
    2.   1.   3.   1.   2.   2.]
 [  3.   3.   3.   2.   6.   5.   6.  11.  14.  12.   9.  16.  17.  11.
    5.   2.   2.   1.   1.   5.   2.   2.   1.   2.   2.   1.   1.   1.
    1.   0.   1.   0.   1.   1.]
 [  3.   2.   3.   2.   7.   4.   4.   6.   9.  10.   9.  14.  18.  16.
    9.   4.   3.   1.   1.   4.   2.   3.   2.   1.   3.   1.   1.   2.
    2.   1.   3.   1.   1.   2.]
 [  3.   3.   3.   3.   5.   3.   4.   5.   6.   6.   7.  14.  18.  18.
   14.   5.   5.   1.   1.   4.   1.   3.   2.   2.   3.   1.   1.   2.
    2.   1.   3.   2.   1.   1.]
 [  2.   0.   1.   1.   2.   1.   1.   1.   1.   3.   2.   6.  13.  15.
   12.  10.  13.   3.   3.  10.   4.   4.   3.   5.   4.   5.   2.   3.
    4.   3.   6.   4.   2.   5.]
 [  3.   1.   1.   1.   2.   1.   1.   2.   1.   3.   2.   4.   9.  11.
   12.   7.  16.   3.   3.  12.   6.   6.   3.   4.   4.   5.   2.   3.
    4.   3.   5.   3.   3.   5.]
 [  2.   0.   1.   0.   1.   0.   1.   1.   1.   3.   1.   1.   2.   3.
    2.   3.   7.   5.   9.  22.  13.   9.   6.   7.   4.   7.   4.   6.
    4.   4.   5.   3.   4.   8.]
 [  2.   0.   1.   1.   2.   0.   1.   1.   1.   4.   1.   2.   3.   4.
    4.   4.   9.   7.  11.  23.  13.   9.   6.   7.   4.   5.   3.   4.
    3.   3.   5.   3.   3.   5.]
 [  2.   1.   1.   1.   3.   1.   1.   2.   2.   2.   3.   3.   5.  10.
   11.  11.  19.   6.   6.  21.   8.   5.   2.   2.   3.   2.   1.   3.
    2.   1.   4.   2.   2.   5.]
 [  1.   0.   1.   1.   1.   0.   1.   1.   1.   1.   1.   2.   4.   6.
    6.   8.  15.   5.   7.  29.  20.  10.   5.   3.   2.   2.   1.   3.
    3.   2.   3.   1.   1.   3.]
 [  1.   0.   0.   0.   1.   0.   0.   1.   0.   1.   1.   1.   1.   2.
    1.   2.   5.   3.   4.  14.  17.  17.  12.  13.   6.   7.   2.   4.
    5.   5.   8.   5.   4.   7.]
 [  1.   0.   0.   0.   1.   0.   0.   1.   0.   1.   0.   1.   1.   1.
    1.   2.   3.   2.   3.  11.  15.  18.  16.  15.   6.  10.   2.   6.
    6.   5.   6.   4.   4.   7.]
 [  1.   0.   0.   0.   1.   0.   0.   1.   0.   1.   0.   0.   1.   1.
    1.   1.   2.   2.   2.   9.  10.  12.  11.  16.   8.  19.   4.   8.
    7.   5.   7.   6.   6.  10.]
 [  1.   0.   1.   0.   1.   0.   0.   1.   1.   1.   1.   1.   1.   3.
    2.   2.   4.   2.   4.  13.  15.  13.  13.  12.   9.  12.   3.   6.
    6.   3.   7.   6.   2.   6.]
 [  1.   0.   0.   0.   1.   0.   0.   1.   0.   1.   1.   0.   1.   1.
    1.   2.   3.   2.   2.   9.   9.  13.  10.  14.  14.  21.   3.   7.
    6.   3.   6.   5.   3.  10.]
 [  1.   0.   0.   0.   1.   0.   0.   0.   0.   0.   0.   0.   0.   1.
    0.   1.   1.   1.   2.   4.   4.   5.   6.  10.   8.  16.   7.  16.
   14.   7.  11.   9.   5.  17.]
 [  1.   0.   0.   0.   1.   0.   0.   0.   0.   0.   0.   0.   0.   1.
    0.   1.   1.   1.   1.   3.   2.   3.   4.   6.   9.  14.   5.  15.
   21.  12.  18.  12.   4.  17.]
 [  0.   0.   0.   0.   1.   0.   0.   1.   0.   0.   1.   1.   1.   2.
    1.   1.   2.   1.   2.   5.   3.   4.   6.   9.  13.  17.   7.  17.
   23.   7.  12.   5.   2.   8.]
 [  0.   0.   0.   0.   0.   0.   0.   0.   0.   0.   0.   0.   0.   1.
    0.   0.   0.   1.   1.   2.   1.   2.   2.   3.   5.   7.   5.   8.
   14.  12.  25.  30.   5.  25.]
 [  0.   0.   0.   0.   0.   0.   0.   0.   0.   0.   0.   1.   1.   1.
    1.   1.   1.   1.   2.   4.   4.   5.   6.   9.   8.  19.   9.  14.
   26.  11.  15.   6.   1.   2.]
 [  0.   0.   0.   0.   0.   0.   0.   0.   0.   0.   0.   0.   1.   1.
    1.   1.   1.   1.   3.   4.   5.   5.   5.   6.   5.  17.   9.  10.
   21.  13.  18.  20.   1.   2.]
 [  2.   0.   0.   1.   1.   0.   0.   0.   0.   0.   1.   0.   0.   1.
    0.   1.   1.   1.   1.   2.   1.   3.   2.   3.   3.   3.   3.   5.
    9.  10.  13.  27.  21.  36.]
 [  0.   0.   0.   0.   0.   0.   0.   0.   0.   0.   0.   0.   0.   0.
    0.   1.   1.   1.   1.   1.   2.   3.   2.   3.   3.   5.   3.   8.
   13.  13.  19.  45.   6.  22.]]
